
DETLiveNeutronDetector = [
    1    1    1    1    1    1    1    1    1    1  1.59904E+05 0.00011 
];


DETFileNeutronDetector = [
    1    1    1    1    1    1    1    1    1    1  1.94879E+11 0.00092 
];

