
DET1 = [
    1    1    1    1    1    1    1    1    1    1    1  1.85682E+01 0.08582 
    2    2    1    1    1    1    1    1    1    1    1  1.69227E+01 0.19377 
    3    3    1    1    1    1    1    1    1    1    1  1.57992E+01 0.30063 
    4    4    1    1    1    1    1    1    1    1    1  1.53445E+01 0.36315 
    5    5    1    1    1    1    1    1    1    1    1  1.80198E+01 0.23998 
    6    6    1    1    1    1    1    1    1    1    1  2.16753E+01 0.22546 
    7    7    1    1    1    1    1    1    1    1    1  1.62672E+01 0.23521 
    8    8    1    1    1    1    1    1    1    1    1  1.45544E+01 0.28151 
    9    9    1    1    1    1    1    1    1    1    1  1.41521E+01 0.30950 
   10   10    1    1    1    1    1    1    1    1    1  1.46388E+01 0.30535 
   11   11    1    1    1    1    1    1    1    1    1  1.63175E+01 0.32467 
   12   12    1    1    1    1    1    1    1    1    1  1.27586E+01 0.41625 
   13   13    1    1    1    1    1    1    1    1    1  1.30128E+01 0.40636 
   14   14    1    1    1    1    1    1    1    1    1  1.72426E+01 0.39304 
   15   15    1    1    1    1    1    1    1    1    1  1.81858E+01 0.33134 
   16   16    1    1    1    1    1    1    1    1    1  1.48815E+01 0.28567 
   17   17    1    1    1    1    1    1    1    1    1  1.01172E+01 0.22138 
   18   18    1    1    1    1    1    1    1    1    1  1.37970E+01 0.21901 
   19   19    1    1    1    1    1    1    1    1    1  1.49679E+01 0.21824 
   20   20    1    1    1    1    1    1    1    1    1  1.55357E+01 0.25565 
   21   21    1    1    1    1    1    1    1    1    1  1.91522E+01 0.28598 
   22   22    1    1    1    1    1    1    1    1    1  1.79704E+01 0.37019 
   23   23    1    1    1    1    1    1    1    1    1  1.34128E+01 0.32543 
   24   24    1    1    1    1    1    1    1    1    1  1.48590E+01 0.27357 
   25   25    1    1    1    1    1    1    1    1    1  1.81682E+01 0.25958 
   26   26    1    1    1    1    1    1    1    1    1  1.88381E+01 0.22838 
   27   27    1    1    1    1    1    1    1    1    1  2.03326E+01 0.19414 
   28   28    1    1    1    1    1    1    1    1    1  1.97971E+01 0.23398 
   29   29    1    1    1    1    1    1    1    1    1  1.88700E+01 0.20866 
   30   30    1    1    1    1    1    1    1    1    1  2.39974E+01 0.20815 
];


DET1T = [
 0.00000E+00  1.00000E-04  5.00000E-05
 1.00000E-04  2.00000E-04  1.50000E-04
 2.00000E-04  3.00000E-04  2.50000E-04
 3.00000E-04  4.00000E-04  3.50000E-04
 4.00000E-04  5.00000E-04  4.50000E-04
 5.00000E-04  6.00000E-04  5.50000E-04
 6.00000E-04  7.00000E-04  6.50000E-04
 7.00000E-04  8.00000E-04  7.50000E-04
 8.00000E-04  9.00000E-04  8.50000E-04
 9.00000E-04  1.00000E-03  9.50000E-04
 1.00000E-03  1.10000E-03  1.05000E-03
 1.10000E-03  1.20000E-03  1.15000E-03
 1.20000E-03  1.30000E-03  1.25000E-03
 1.30000E-03  1.40000E-03  1.35000E-03
 1.40000E-03  1.50000E-03  1.45000E-03
 1.50000E-03  1.60000E-03  1.55000E-03
 1.60000E-03  1.70000E-03  1.65000E-03
 1.70000E-03  1.80000E-03  1.75000E-03
 1.80000E-03  1.90000E-03  1.85000E-03
 1.90000E-03  2.00000E-03  1.95000E-03
 2.00000E-03  2.10000E-03  2.05000E-03
 2.10000E-03  2.20000E-03  2.15000E-03
 2.20000E-03  2.30000E-03  2.25000E-03
 2.30000E-03  2.40000E-03  2.35000E-03
 2.40000E-03  2.50000E-03  2.45000E-03
 2.50000E-03  2.60000E-03  2.55000E-03
 2.60000E-03  2.70000E-03  2.65000E-03
 2.70000E-03  2.80000E-03  2.75000E-03
 2.80000E-03  2.90000E-03  2.85000E-03
 2.90000E-03  3.00000E-03  2.95000E-03
];

DET2 = [
    1    1    1    1    1    1    1    1    1    1    1  1.16136E-04 0.08594 
    2    2    1    1    1    1    1    1    1    1    1  1.05807E-04 0.19383 
    3    3    1    1    1    1    1    1    1    1    1  9.88464E-05 0.30082 
    4    4    1    1    1    1    1    1    1    1    1  9.59259E-05 0.36326 
    5    5    1    1    1    1    1    1    1    1    1  1.12743E-04 0.23988 
    6    6    1    1    1    1    1    1    1    1    1  1.35573E-04 0.22550 
    7    7    1    1    1    1    1    1    1    1    1  1.01749E-04 0.23529 
    8    8    1    1    1    1    1    1    1    1    1  9.09691E-05 0.28165 
    9    9    1    1    1    1    1    1    1    1    1  8.84268E-05 0.30970 
   10   10    1    1    1    1    1    1    1    1    1  9.15326E-05 0.30549 
   11   11    1    1    1    1    1    1    1    1    1  1.02054E-04 0.32479 
   12   12    1    1    1    1    1    1    1    1    1  7.97598E-05 0.41665 
   13   13    1    1    1    1    1    1    1    1    1  8.13370E-05 0.40661 
   14   14    1    1    1    1    1    1    1    1    1  1.07850E-04 0.39305 
   15   15    1    1    1    1    1    1    1    1    1  1.13734E-04 0.33149 
   16   16    1    1    1    1    1    1    1    1    1  9.30407E-05 0.28597 
   17   17    1    1    1    1    1    1    1    1    1  6.32806E-05 0.22142 
   18   18    1    1    1    1    1    1    1    1    1  8.63238E-05 0.21903 
   19   19    1    1    1    1    1    1    1    1    1  9.36312E-05 0.21830 
   20   20    1    1    1    1    1    1    1    1    1  9.71250E-05 0.25585 
   21   21    1    1    1    1    1    1    1    1    1  1.19821E-04 0.28608 
   22   22    1    1    1    1    1    1    1    1    1  1.12389E-04 0.37052 
   23   23    1    1    1    1    1    1    1    1    1  8.38724E-05 0.32563 
   24   24    1    1    1    1    1    1    1    1    1  9.29116E-05 0.27369 
   25   25    1    1    1    1    1    1    1    1    1  1.13617E-04 0.25963 
   26   26    1    1    1    1    1    1    1    1    1  1.17839E-04 0.22848 
   27   27    1    1    1    1    1    1    1    1    1  1.27121E-04 0.19424 
   28   28    1    1    1    1    1    1    1    1    1  1.23815E-04 0.23409 
   29   29    1    1    1    1    1    1    1    1    1  1.17973E-04 0.20874 
   30   30    1    1    1    1    1    1    1    1    1  1.50066E-04 0.20819 
];


DET2T = [
 0.00000E+00  1.00000E-04  5.00000E-05
 1.00000E-04  2.00000E-04  1.50000E-04
 2.00000E-04  3.00000E-04  2.50000E-04
 3.00000E-04  4.00000E-04  3.50000E-04
 4.00000E-04  5.00000E-04  4.50000E-04
 5.00000E-04  6.00000E-04  5.50000E-04
 6.00000E-04  7.00000E-04  6.50000E-04
 7.00000E-04  8.00000E-04  7.50000E-04
 8.00000E-04  9.00000E-04  8.50000E-04
 9.00000E-04  1.00000E-03  9.50000E-04
 1.00000E-03  1.10000E-03  1.05000E-03
 1.10000E-03  1.20000E-03  1.15000E-03
 1.20000E-03  1.30000E-03  1.25000E-03
 1.30000E-03  1.40000E-03  1.35000E-03
 1.40000E-03  1.50000E-03  1.45000E-03
 1.50000E-03  1.60000E-03  1.55000E-03
 1.60000E-03  1.70000E-03  1.65000E-03
 1.70000E-03  1.80000E-03  1.75000E-03
 1.80000E-03  1.90000E-03  1.85000E-03
 1.90000E-03  2.00000E-03  1.95000E-03
 2.00000E-03  2.10000E-03  2.05000E-03
 2.10000E-03  2.20000E-03  2.15000E-03
 2.20000E-03  2.30000E-03  2.25000E-03
 2.30000E-03  2.40000E-03  2.35000E-03
 2.40000E-03  2.50000E-03  2.45000E-03
 2.50000E-03  2.60000E-03  2.55000E-03
 2.60000E-03  2.70000E-03  2.65000E-03
 2.70000E-03  2.80000E-03  2.75000E-03
 2.80000E-03  2.90000E-03  2.85000E-03
 2.90000E-03  3.00000E-03  2.95000E-03
];
