
DETLiveNeutronDetector = [
    1    1    1    1    1    1    1    1    1    1  9.81106E-03 0.00051 
];


DETFileNeutronDetector = [
    1    1    1    1    1    1    1    1    1    1  3.52690E+06 0.00031 
];

