
DET1 = [
    1    1    1    1    1    1    1    1    1    1  2.39754E+12 0.01084 
];


DETLiveNeutronDetector = [
    1    1    1    1    1    1    1    1    1    1  1.27079E+08 0.02177 
];


DETFileNeutronDetector = [
    1    1    1    1    1    1    1    1    1    1  4.35628E+13 0.01834 
];

