
DETLiveNeutronDetector = [
    1    1    1    1    1    1    1    1    1    1  1.22615E+08 0.00244 
];


DETFileNeutronDetector = [
    1    1    1    1    1    1    1    1    1    1  4.23459E+13 0.00190 
];

