
DET1 = [
    1    1    1    1    1    1    1    1    1    1    1  5.82882E+10 0.08611 
    2    2    1    1    1    1    1    1    1    1    1  3.52221E+10 0.18699 
    3    3    1    1    1    1    1    1    1    1    1  3.45918E+10 0.16240 
    4    4    1    1    1    1    1    1    1    1    1  2.67056E+10 0.16043 
    5    5    1    1    1    1    1    1    1    1    1  2.75299E+10 0.12505 
    6    6    1    1    1    1    1    1    1    1    1  2.91257E+10 0.14063 
    7    7    1    1    1    1    1    1    1    1    1  2.23017E+10 0.13157 
    8    8    1    1    1    1    1    1    1    1    1  2.36139E+10 0.13153 
    9    9    1    1    1    1    1    1    1    1    1  3.47290E+10 0.14421 
   10   10    1    1    1    1    1    1    1    1    1  2.24096E+10 0.15494 
   11   11    1    1    1    1    1    1    1    1    1  2.48356E+10 0.12104 
   12   12    1    1    1    1    1    1    1    1    1  3.19613E+10 0.20510 
   13   13    1    1    1    1    1    1    1    1    1  2.31388E+10 0.10977 
   14   14    1    1    1    1    1    1    1    1    1  2.23082E+10 0.14102 
   15   15    1    1    1    1    1    1    1    1    1  1.82981E+10 0.10688 
   16   16    1    1    1    1    1    1    1    1    1  2.00187E+10 0.11923 
   17   17    1    1    1    1    1    1    1    1    1  2.18924E+10 0.10297 
   18   18    1    1    1    1    1    1    1    1    1  2.69411E+10 0.14040 
   19   19    1    1    1    1    1    1    1    1    1  2.13604E+10 0.16258 
   20   20    1    1    1    1    1    1    1    1    1  1.94967E+10 0.09682 
   21   21    1    1    1    1    1    1    1    1    1  2.06859E+10 0.12658 
   22   22    1    1    1    1    1    1    1    1    1  2.32778E+10 0.12684 
   23   23    1    1    1    1    1    1    1    1    1  2.22680E+10 0.13378 
   24   24    1    1    1    1    1    1    1    1    1  1.44121E+10 0.10459 
   25   25    1    1    1    1    1    1    1    1    1  2.09943E+10 0.13057 
   26   26    1    1    1    1    1    1    1    1    1  2.13189E+10 0.15487 
   27   27    1    1    1    1    1    1    1    1    1  2.84220E+10 0.14334 
   28   28    1    1    1    1    1    1    1    1    1  1.94535E+10 0.10483 
   29   29    1    1    1    1    1    1    1    1    1  1.60617E+10 0.09628 
   30   30    1    1    1    1    1    1    1    1    1  1.88629E+10 0.11669 
];


DET1T = [
 0.00000E+00  1.00000E-01  5.00000E-02
 1.00000E-01  2.00000E-01  1.50000E-01
 2.00000E-01  3.00000E-01  2.50000E-01
 3.00000E-01  4.00000E-01  3.50000E-01
 4.00000E-01  5.00000E-01  4.50000E-01
 5.00000E-01  6.00000E-01  5.50000E-01
 6.00000E-01  7.00000E-01  6.50000E-01
 7.00000E-01  8.00000E-01  7.50000E-01
 8.00000E-01  9.00000E-01  8.50000E-01
 9.00000E-01  1.00000E+00  9.50000E-01
 1.00000E+00  1.10000E+00  1.05000E+00
 1.10000E+00  1.20000E+00  1.15000E+00
 1.20000E+00  1.30000E+00  1.25000E+00
 1.30000E+00  1.40000E+00  1.35000E+00
 1.40000E+00  1.50000E+00  1.45000E+00
 1.50000E+00  1.60000E+00  1.55000E+00
 1.60000E+00  1.70000E+00  1.65000E+00
 1.70000E+00  1.80000E+00  1.75000E+00
 1.80000E+00  1.90000E+00  1.85000E+00
 1.90000E+00  2.00000E+00  1.95000E+00
 2.00000E+00  2.10000E+00  2.05000E+00
 2.10000E+00  2.20000E+00  2.15000E+00
 2.20000E+00  2.30000E+00  2.25000E+00
 2.30000E+00  2.40000E+00  2.35000E+00
 2.40000E+00  2.50000E+00  2.45000E+00
 2.50000E+00  2.60000E+00  2.55000E+00
 2.60000E+00  2.70000E+00  2.65000E+00
 2.70000E+00  2.80000E+00  2.75000E+00
 2.80000E+00  2.90000E+00  2.85000E+00
 2.90000E+00  3.00000E+00  2.95000E+00
];
